4	500
1.53183     0.38473     -1.15567    0.61943
0.27256     -1.38011    -0.05696    0.64459
-0.3948     -1.01134    -0.07332    -1.11418
-0.64515    -1.06994    -0.08952    -1.80843
2.0422      1.40728     -1.88789    1.64384
0.12318     0.72007     -0.91138    -1.63458
0.33821     -0.59507    -1.69304    -1.52692
0.17195     -1.74726    -1.75905    0.35517
-0.65109    -1.58967    -1.80268    -1.85786
2.68745     -0.81387    1.35806     1.74047
0.9833      0.07969     -1.02107    -0.17203
2.90401     0.52177     -1.34321    1.77598
1.23099     0.16387     1.91948     0.06059
0.72785     -0.00753    -1.16071    -0.71147
0.4711      1.00236     1.86739     -0.53789
1.08189     1.73378     1.33346     1.29325
1.11999     -0.32626    1.35581     0.02459
1.85986     0.46243     -1.86968    0.90695
1.13352     1.19581     -1.23275    0.75342
-0.86581    1.79495     1.88487     -1.60845
-0.63179    -1.56213    1.37177     -1.75872
0.92523     -1.96885    1.40397     1.44511
1.30978     -0.16629    -0.81928    0.38191
-0.04024    -1.05004    -1.24188    -1.57545
0.88123     1.81553     -1.28204    1.23418
2.30001     0.1687      1.27331     1.28182
0.21389     -1.62244    1.25212     0.2537
1.06571     -0.34761    1.83533     -0.12586
-0.16675    0.57261     0.00596     -1.02769
-1.09065    -1.72417    -0.47958    -1.78086
3.17536     -0.70439    1.61284     1.97594
0.78894     1.18896     0.80497     0.45709
2.54163     -1.33501    -1.12445    1.95637
-0.57573    1.36489     0.75097     -1.99493
1.70448     1.92646     -1.05103    1.94494
0.20712     1.3702      0.86523     -0.10812
1.8058      0.32281     1.66589     0.82448
-0.17939    -1.66163    1.03697     -0.20237
-0.19276    1.04956     -0.89591    -1.88998
-0.42617    -1.39994    -1.67808    -1.86176
-0.29432    -1.50205    -0.09698    0.0399
2.29434     -1.32236    0.61048     1.88295
0.83634     -1.27467    -1.4703     0.47578
1.17134     -1.36316    1.6434      0.92175
0.27205     -0.26264    0.91635     -1.77667
2.19288     -1.64568    -1.32963    1.95961
-0.48078    0.96727     -0.10416    -1.59496
1.44609     1.35815     0.53506     1.35621
0.61295     1.54458     0.89653     0.69219
0.14054     -1.22321    1.36509     -0.69796
0.53339     -0.19139    -1.32571    -1.21487
-0.56125    1.84217     -1.40424    -0.52391
0.3756      -0.70785    1.70716     -1.23054
0.54694     -0.41556    -0.98643    -0.88479
-1.03222    -1.67403    0.50705     -1.88012
0.02235     1.07785     -1.88105    -1.50834
0.63047     0.7472      1.76304     -0.57541
1.12643     -0.89806    1.62695     0.39329
1.07899     1.18264     -1.82767    0.61
1.92929     -1.38345    -1.39939    1.57925
2.50397     -0.7271     0.2872      1.80883
2.05416     1.26632     -1.20642    1.59472
-0.45948    -1.74627    1.96083     -0.71586
0.00369     0.47752     -0.48305    -1.98076
-1.04311    1.76812     -0.74062    -1.75227
0.48175     0.83905     -1.01015    -0.55388
-1.07553    1.89602     -1.72542    -1.7567
1.30908     0.61985     -1.06605    0.49409
0.02534     0.40795     0.36847     -1.74694
1.89056     -0.28407    0.37924     1.18768
0.16053     -0.57527    0.261       -0.91901
0.98401     -0.70668    0.51156     0.35915
-0.73083    -1.75258    -0.71874    -0.88318
0.93524     0.14698     -1.83786    -0.42757
0.573       -0.64011    -0.70544    -0.45833
0.87642     -1.41941    -1.53518    0.69853
0.71196     -0.24892    0.54018     -0.35024
0.76254     1.67914     -1.46096    0.9319
2.08313     -0.99535    -0.88134    1.47999
0.98404     0.44335     -0.95534    -0.02129
-0.68466    -1.68922    1.4024      -1.37304
1.70134     1.63403     -1.65057    1.62071
-1.36617    1.91825     -0.53991    -1.81672
0.22935     1.5849      -1.89944    0.11219
0.2052      1.81432     1.93282     0.50286
2.18845     -0.06665    -1.55103    1.15256
0.59954     -1.1541     0.92874     0.11987
2.75298     0.44159     -0.7121     1.74393
-0.35694    -1.67271    -0.33646    -0.04155
0.35725     -1.91546    -0.11251    1.3401
-0.67179    -1.33172    0.01487     -0.82436
0.34201     0.61568     -1.51781    -1.42714
2.26212     0.95077     0.13216     1.84288
2.60162     -0.86101    0.95027     1.75125
0.45186     0.93299     -0.00341    0.44138
0.8013      0.0621      0.96296     -0.47894
0.05694     -0.08274    -0.38847    -1.92787
0.52755     0.43544     -1.87497    -1.2056
-0.16866    -1.46936    0.57001     -0.38657
1.48018     0.34162     -1.07036    0.56312
0.75057     -1.0126     1.34339     0.04726
1.66596     -0.05889    -0.9427     0.74502
2.12938     0.07782     -1.9855     1.07008
1.84805     -0.74705    1.9119      1.02815
-1.24062    -1.78998    -0.4116     -1.84537
-0.68968    -1.99718    0.5565      0.02619
0.69488     -1.43022    0.70563     0.68629
1.01066     -0.84377    1.63715     0.1869
0.38766     -1.89213    -1.19487    0.91069
1.36839     1.32096     1.71532     1.0555
-0.96282    1.86499     1.78829     -1.55086
0.62474     0.30039     1.91744     -1.06337
-0.35355    1.35176     0.27039     -0.68624
0.13032     0.95846     -0.79509    -1.02911
-0.85242    1.56429     -0.1776     -1.06336
0.50195     1.46697     1.11851     0.39602
0.22723     0.98535     1.45352     -1.03459
1.97377     1.19752     0.8083      1.54789
-1.00255    1.84711     -0.78612    -1.2778
0.66713     -0.75716    -0.22672    0.22285
0.2277      1.26333     -1.54296    -0.47623
0.49773     1.05643     -1.74534    -0.37923
1.06676     -1.17284    -0.75688    0.76752
-0.89107    -1.76573    -1.09758    -1.53324
-1.09697    -1.83469    -1.16374    -1.94849
1.16625     -0.72092    1.41676     0.32007
0.22438     1.99015     1.50382     0.86613
1.75243     1.53499     -0.39557    1.76967
3.00191     -0.35195    1.11024     1.82068
-0.43923    -1.39037    0.93433     -1.56093
0.05758     -1.72389    -1.43574    0.20034
2.70902     -0.23941    -0.52223    1.72643
1.48272     -1.30163    -1.72331    1.13725
-1.16739    -1.8352     -0.67444    -1.75836
0.29405     0.36868     -0.3361     -0.92614
-0.2812     1.96185     -1.56249    0.218
2.02475     1.2495      -0.35671    1.74758
0.30648     -0.28363    -0.35049    -0.97597
-0.16784    1.75394     -1.74246    -0.11723
2.21569     0.7295      -0.511      1.52992
2.49788     0.02306     -1.71214    1.38941
-0.12695    -1.30373    1.78172     -1.25699
-0.17197    -1.88873    -0.78033    0.38722
0.86188     0.80282     -0.97893    0.06835
-0.17925    -1.6406     0.45998     0.04996
0.61504     -0.26309    1.36561     -0.97703
0.50771     -0.40122    0.52148     -0.65352
1.70586     1.49474     -1.81867    1.48628
-0.005      1.09869     -1.76345    -1.50648
-0.17648    1.55907     -0.49778    -0.14558
2.6304      -0.40428    1.19301     1.57971
0.62411     0.24575     -0.10412    0.03244
0.40721     -1.42467    -0.25635    0.62103
1.52319     1.02005     0.24064     1.29634
-0.80238    -1.53555    0.38298     -1.48498
-0.02602    1.61928     1.09616     -0.06472
0.32071     -1.21189    0.2574      0.22426
0.19881     -0.86564    1.93183     -1.50497
0.83352     1.89443     1.32872     1.28934
2.33243     1.05098     -1.28473    1.63472
2.89832     -0.19137    -1.50379    1.697
2.08156     0.87967     1.50808     1.33179
0.33934     -1.60925    -0.95115    0.46156
-0.69551    1.66437     1.01634     -1.32605
2.01327     -0.50943    -0.5831     1.26572
-0.80645    1.60038     -0.24908    -0.98799
-0.34589    1.46968     -0.42896    -0.59857
0.96843     -0.53457    0.81544     0.06395
1.28628     0.54215     1.82727     0.3024
-0.95546    1.8213      0.60965     -1.09178
1.95404     -0.87622    -0.49257    1.41677
2.19249     1.22862     0.16148     1.93315
-0.82225    -1.97551    -1.87248    -0.71828
2.65648     1.28408     -1.36674    1.96952
-0.93011    -1.88102    -0.20975    -0.31857
2.20061     0.38668     1.03573     1.27475
2.57202     1.3381      -1.50685    1.94543
0.34881     0.01869     1.57812     -1.99013
0.84039     -0.31374    0.38008     0.02658
2.15041     1.23705     1.63327     1.60417
1.18396     -0.2397     0.8117      0.23613
1.60906     -0.73736    0.25386     1.18786
0.54595     0.17033     -0.24078    -0.34227
1.75153     -1.22302    -1.21099    1.33919
-0.31272    1.59582     0.68596     -0.43678
0.62553     0.04035     -1.32984    -1.00965
2.26014     -0.80218    0.0228      1.86004
0.79973     -1.51982    -1.88921    0.71524
0.19313     -1.99676    0.816       0.9632
0.71649     -1.78493    -1.45327    1.03249
0.35072     -1.07243    -0.62004    -0.24553
0.47524     1.32734     -1.61808    0.04832
2.28736     -0.44034    0.07268     1.71719
0.6008      -0.17386    1.24912     -1.01328
0.20381     -1.05466    -1.12223    -0.8329
0.67567     0.40305     1.79584     -0.84188
0.93935     -1.3738     -0.42493    0.98783
2.23491     1.52372     -0.78724    1.95309
0.79934     0.36569     -0.83979    -0.32564
1.70632     0.37161     -1.41477    0.76375
-0.28843    -0.42327    0.08419     -1.96167
0.11885     1.91382     1.91785     0.58355
1.43478     1.70324     0.07491     1.88642
2.56117     0.1443      -0.39178    1.66467
0.9654      -0.04753    -1.97422    -0.40408
-0.37564    -1.37411    -1.52252    -1.72737
-1.28522    -1.92389    0.93996     -1.96853
1.33715     0.0505      -0.5459     0.51921
2.20766     -1.39526    0.45435     1.92251
0.70465     -1.08439    -0.09848    0.727
0.69757     0.30379     0.28345     -0.0968
1.18789     -0.17475    1.63107     0.03337
-0.00492    -0.11137    0.27126     -1.84533
1.10773     0.61536     1.09888     0.22645
0.57778     -0.53794    -1.13193    -0.76591
-0.22933    -1.2743     -1.60153    -1.62789
0.50872     -0.03019    -1.99092    -1.52417
0.10785     1.24476     -0.31958    -0.11117
1.42112     -0.54253    -1.18652    0.55699
1.21494     -1.91105    -1.19384    1.60595
-0.22094    -1.69271    1.49496     -0.31713
-0.16058    -1.90602    1.62525     0.25129
0.17274     1.18382     0.62876     -0.38252
0.04915     -0.35613    -0.49669    -1.99489
1.47254     -1.62572    -0.29463    1.70988
0.41748     -0.9079     0.87278     -0.51948
1.83089     -1.1768     0.96753     1.39949
-0.29211    1.88923     1.87925     -0.00611
1.6342      -1.32003    0.12471     1.67127
0.11531     1.27321     0.90299     -0.47563
0.34282     1.85405     -1.08176    0.82673
-0.3675     1.85078     0.09893     0.57767
1.42288     0.15452     -0.0796     0.9871
-0.05117    -1.34739    -0.63241    -0.48269
-0.66139    1.32874     -0.35788    -1.79762
0.31099     -1.47023    1.59532     0.05503
0.01678     0.95985     -1.75321    -1.84717
-0.57938    -1.6743     1.83437     -1.24755
0.41547     -0.01684    1.17126     -1.55044
0.8748      -0.64468    -1.41865    -0.17239
1.15856     -1.21126    1.99058     0.71608
1.05257     0.602       -0.29261    0.53226
0.53444     -1.25907    -0.82066    0.21511
2.17854     -0.04681    -1.85604    1.12008
-0.54312    1.71464     -1.73       -0.97695
1.95556     -0.01316    0.38541     1.21091
2.66735     1.17453     1.53761     1.89912
0.48645     0.54356     -0.51744    -0.57729
0.53977     1.65483     0.00059     1.29684
2.67006     0.82323     -1.27888    1.74032
0.72983     -1.51395    1.46838     0.67274
-0.24172    -0.71994    -0.14536    -1.53077
-0.91499    1.50934     -0.1603     -1.38967
-0.35131    -1.59367    -0.15635    0.03277
1.73936     -1.4301     -0.89122    1.54682
1.15061     -0.15715    -0.20916    0.56222
2.26433     0.03813     0.82249     1.31617
-0.23053    1.38312     0.40688     -0.54764
0.47907     -0.27988    -1.70287    -1.44626
0.49797     -0.40199    -0.85794    -0.94129
2.45724     -0.46091    1.00187     1.49621
2.62914     0.24972     0.32599     1.74781
-0.17827    -1.45535    -1.60555    -0.89487
-0.28336    1.63587     0.5211      -0.17155
0.93516     -1.61073    -1.59526    0.99297
2.99195     -0.24113    -1.93519    1.73929
0.20033     -1.3508     1.9537      -0.41222
0.47819     -0.99924    1.70139     -0.5027
2.34876     -0.48804    -0.38277    1.58572
-1.48272    -1.94997    -0.46353    -1.92844
1.65645     -0.3469     0.04907     1.26039
2.01963     0.42466     -0.46484    1.28833
-0.31348    -1.16802    0.31129     -1.1265
0.41853     0.31467     -0.32018    -0.65392
1.24737     -0.90029    -1.92198    0.51358
0.31662     -0.12278    0.95368     -1.72702
-0.24646    -1.21821    -0.97478    -1.57229
3.16834     -0.19077    0.7741      1.94445
1.33295     0.82385     1.84843     0.55565
-0.04266    1.24472     1.61208     -1.15502
2.68295     0.92089     -1.4894     1.77674
1.65251     0.0282      0.55447     0.85584
1.42812     0.33875     0.7634      0.5867
-0.5805     -1.54951    1.74109     -1.77061
0.3864      0.73097     1.95812     -1.21488
0.30615     0.84988     0.1907      -0.17921
0.32941     -1.19493    1.91624     -0.47655
1.82755     0.32907     1.76846     0.83926
0.70206     0.64935     0.41478     -0.01032
1.02176     0.46726     -0.80823    0.10388
0.00678     -1.8556     1.90807     0.33737
-0.10868    -1.43301    1.27226     -0.7075
-0.3627     -1.59674    0.70509     -0.54468
-0.24691    1.91664     1.29866     0.20788
-0.62325    -1.14016    0.20065     -1.93137
0.31035     -1.97772    1.82879     0.90134
0.31425     0.70726     0.16857     -0.28734
-0.84727    -1.98371    0.42797     -0.15824
0.5562      -0.87395    -1.18325    -0.42173
1.13768     1.73549     -0.68244    1.44706
-0.25238    1.38663     -0.47376    -0.65959
-0.65739    1.52786     0.72879     -1.54493
0.56907     -1.28857    -1.79916    0.10118
0.2729      -0.05543    0.2457      -0.94776
1.79357     -0.01115    -1.81154    0.75463
0.93315     0.35293     1.81538     -0.34864
-0.11176    0.29469     0.05223     -1.33762
2.52813     1.41617     1.65448     1.96327
0.17696     1.94604     1.3167      0.76757
2.18593     -1.42286    1.23811     1.7928
-0.51218    1.73862     0.94358     -0.58097
0.89922     -1.59415    -0.82968    1.05544
-0.35497    -1.64949    0.95171     -0.52147
0.52263     1.17461     -0.74481    0.10895
-0.82689    1.88324     1.53691     -1.00923
-0.54725    1.5597      0.76288     -1.12674
1.13363     0.40626     -1.47936    0.05929
-0.70177    1.18488     -0.03232    -1.37831
1.67133     -0.57895    1.20981     0.84083
-0.5076     -1.93019    0.77259     0.01839
1.78207     0.6186      1.03546     0.99653
-0.36109    1.1751      -0.11972    -0.80074
-0.36925    1.41685     0.90436     -1.22959
1.58494     -0.60374    1.77033     0.69771
-0.88157    1.78469     0.2954      -0.64622
-0.75683    1.79984     -0.0496     0.05157
1.26599     -0.96552    -1.98885    0.58883
-0.24012    1.86792     0.81155     0.24411
1.61605     -0.15273    1.40573     0.61541
1.79927     -0.72895    -1.81197    0.97951
0.77015     1.03322     -1.89907    0.022
0.3725      0.47468     1.64743     -1.57764
0.35131     -0.32581    -0.0745     -0.3248
1.92203     -1.44928    0.86885     1.69058
3.10598     0.59613     1.31651     1.92164
0.01452     1.16358     -0.54435    -0.66727
-0.14255    -0.17374    -0.04343    -1.46816
-0.20844    -1.92139    -0.57685    0.4935
0.61245     0.05293     -1.76277    -1.16222
-0.57433    1.95141     1.65308     -0.27536
0.59718     -0.62417    -1.51328    -0.74595
2.27711     -1.15228    1.06306     1.68419
-0.10765    -0.94003    -0.97136    -1.98293
0.14601     -1.83389    1.3531      0.53308
0.7542      0.83871     -1.70099    -0.22232
1.91861     -0.3601     -1.78954    0.93567
0.18247     0.7997      0.68978     -1.11068
2.48153     0.12966     1.02986     1.45014
1.95215     0.28179     0.76016     1.0974
-0.01993    1.23409     -1.21166    -0.99568
