4	500
     4.01222	    -0.26039	     0.33267	     0.69327
     1.13237	    -0.53771	     1.08359	    -0.19753
     3.01711	    -1.88373	     0.56821	     0.67338
     3.57192	     0.57983	    -1.21831	     0.97203
     2.08653	     1.99396	     1.27997	     0.71778
     0.14896	    -1.42431	     0.35872	    -1.51156
     5.44670	     1.94517	     1.94619	     1.92198
     0.34792	    -1.42655	    -0.71186	    -0.87804
     2.57245	     1.46089	    -0.65433	     0.42421
    -0.19786	     0.61070	    -0.88546	    -1.49660
     5.45691	     1.85947	     0.01608	     1.26744
     2.30065	    -1.19976	    -1.48282	     0.73083
     1.18669	    -0.23490	     0.87298	    -0.37278
     0.89696	    -1.86621	     0.64918	    -0.33285
     0.36510	    -1.39627	    -0.27169	    -1.40043
    -1.37763	     1.39769	     1.59862	    -1.34036
     1.91316	    -1.72889	    -1.01766	     0.41827
     3.86681	     1.04859	     0.71226	     0.88509
    -0.12242	     0.49110	     0.57923	    -1.94664
     0.39527	     1.30739	    -0.42664	    -1.22206
     7.73727	     0.65186	     0.66445	     1.88074
    -2.23807	    -1.57865	     1.88213	    -1.71580
    -1.08619	     1.33320	    -1.48928	    -1.24270
     2.65181	     0.26646	     0.60068	     0.25021
     5.44876	    -0.42939	    -1.56032	     1.63700
     4.38841	    -1.53346	    -1.25623	     1.35292
     0.40422	     0.38960	     1.90759	     0.06992
     0.43842	    -0.75957	    -0.62750	    -1.14259
     1.69393	    -1.46142	     1.89641	     0.79012
     6.08695	     1.50507	    -0.06991	     1.39744
     0.26175	    -0.10068	    -0.49501	    -1.63283
    -0.22499	     0.61001	    -0.70274	    -1.83384
     6.30691	     1.01094	     1.42078	     1.82248
    -0.87588	     1.70773	    -1.91100	    -0.37305
     5.44214	     0.75687	    -0.98145	     1.44305
    -0.85107	    -1.57572	    -0.98422	    -1.64192
    -1.28404	    -0.21651	     1.43030	    -1.98594
     1.01160	    -1.56375	    -0.16133	    -0.81981
     1.17167	     1.89525	     0.30967	    -0.41401
     6.89315	     0.03271	    -0.18834	     1.53180
     6.95252	     0.75271	     1.42393	     1.94262
    -0.25138	    -1.00550	     0.77367	    -1.59398
     5.75691	     1.93862	    -0.10154	     1.39362
     5.53236	    -0.59128	    -0.52131	     1.29012
     7.31302	     0.10151	     0.16100	     1.62850
     1.88243	    -0.39761	    -0.41564	    -0.28970
     0.83974	    -1.31315	     0.63684	    -0.61182
     5.68528	    -0.52297	    -0.79215	     1.42481
     7.57576	    -1.02666	    -0.71839	     1.88645
     3.96721	     0.40488	    -1.64796	     1.28177
     0.13654	    -1.00532	     1.35426	    -0.50468
     5.28311	     1.75746	    -0.94373	     1.51160
     6.32232	     0.69703	    -0.31913	     1.44692
     1.46534	    -0.67129	     1.08241	     0.00924
     4.43676	     0.60797	    -1.71135	     1.44862
     1.11218	    -1.36235	    -1.43921	     0.22779
     5.39449	     0.62493	     0.94961	     1.40947
     0.43468	    -1.40081	    -0.46024	    -1.09725
    -0.43502	     0.51930	    -0.88503	    -1.81757
     3.14994	     0.58716	     0.05847	     0.20505
     6.34104	    -0.35320	    -0.80611	     1.59066
     5.53394	    -1.27024	     0.44456	     1.33113
     0.67085	     1.40582	    -0.61607	    -0.72456
     0.05898	    -0.37449	     1.27674	    -0.77016
    -0.10788	     1.44205	    -0.45393	    -1.67103
     0.53967	    -0.20341	     1.09666	    -0.61156
     3.64372	     0.71145	     0.18334	     0.50762
     6.40792	    -0.64345	     0.75544	     1.60403
    -0.42167	    -1.46733	     0.67964	    -1.69074
     2.22329	    -1.18906	     1.48694	     0.70183
    -0.43627	    -0.06376	    -1.16531	    -1.40717
     2.85083	    -1.11813	     0.66356	     0.47812
     0.39000	     1.19954	     1.64056	    -0.03072
    -1.41870	     1.00162	     1.95958	    -1.00667
    -0.33829	     0.69517	     1.43731	    -0.85021
     0.51044	    -1.09455	     0.57285	    -1.03031
    -0.76795	     0.32444	    -1.69258	    -0.94930
     0.56754	    -0.17990	     0.48780	    -1.29201
     0.12632	    -0.89097	    -0.92726	    -1.02616
     0.32851	    -0.65762	     0.75106	    -1.12059
     0.21998	     0.22036	     1.79310	    -0.14286
     4.17450	     1.48081	     0.62517	     1.02099
     2.20923	    -0.91016	    -1.51832	     0.67189
    -0.94924	    -1.25616	    -1.46282	    -1.18268
     0.68435	    -1.48736	     0.10026	    -1.21820
    -0.54437	    -1.15092	    -1.80461	    -0.46390
    -0.73788	    -1.91674	    -0.97379	    -1.27675
     1.63541	    -1.14887	    -1.63875	     0.55166
     0.45677	    -0.86666	     1.34327	    -0.33299
     1.14037	     0.48920	    -0.21729	    -1.01189
     4.44446	    -0.16946	     0.74958	     1.02869
     0.35375	    -1.40906	     0.97109	    -0.60707
     4.30073	     1.49140	     1.84904	     1.55847
     0.09827	     1.68525	    -0.91428	    -0.73841
    -0.82690	     1.71256	     1.34615	    -0.98970
    -0.35336	    -1.17528	    -1.57128	    -0.57442
     2.42187	     1.88108	    -0.55074	     0.41634
     0.24499	     1.24693	    -1.80309	     0.03861
     2.20316	     1.23832	     0.85408	     0.32462
    -0.11857	     0.16426	    -1.56133	    -0.60018
     0.22803	     0.19120	     1.27652	    -0.65395
    -1.82476	     0.91314	     1.87042	    -1.61215
    -0.91195	    -0.75951	     1.88306	    -0.74843
     0.95881	     1.16633	    -1.42910	     0.09617
     0.17770	     1.97767	     0.37691	    -1.08906
     1.45306	     1.16576	     1.84074	     0.60762
     1.79905	    -1.65948	    -1.81024	     0.82161
     4.84196	     1.21865	    -0.05923	     0.97509
     2.32795	    -1.03828	     0.45140	     0.08962
    -0.53730	     0.26594	     1.25451	    -1.36469
     0.60524	     0.24577	     1.41346	    -0.25624
    -0.38950	     1.42978	    -1.09158	    -1.07569
     5.46020	     0.01656	     1.03879	     1.44023
    -1.49853	     0.32570	    -1.72176	    -1.66435
     1.86037	    -1.55888	     0.78425	     0.19684
     0.30539	     1.83540	     0.36034	    -1.08372
     4.29730	     1.70464	     0.45239	     1.03430
     1.40495	     1.22708	     0.94423	    -0.01949
     1.69666	    -0.16232	    -0.38353	    -0.45350
    -0.09458	    -1.76645	     1.13536	    -0.61168
    -0.42167	     0.42837	    -1.21673	    -1.27740
     1.06602	     0.20152	    -1.70269	     0.23254
     0.46221	     1.94099	     1.39978	     0.05059
     1.52520	    -1.03875	     1.15772	     0.15788
     1.18011	     1.25646	     0.28228	    -0.70442
     6.33361	    -0.11819	     1.90486	     1.94517
     6.37616	     1.10130	    -0.69965	     1.61520
     6.49659	    -1.07506	     0.83963	     1.68549
    -0.07691	    -0.51132	    -0.56643	    -1.89927
     0.51260	     0.63932	     0.79256	    -0.90839
     7.48345	     0.40827	    -0.11522	     1.66408
     6.34263	     1.19750	     0.31594	     1.49788
     2.30514	     0.02129	     0.03198	    -0.32039
     2.42573	    -1.98126	     1.86852	     1.13520
     4.49781	    -1.20714	     0.87909	     1.18380
    -0.73448	     1.49401	     1.07324	    -1.41631
     3.08958	     0.57585	     1.57682	     0.98683
    -0.58124	    -0.91689	     0.89809	    -1.84632
     5.03068	    -0.10138	    -0.22457	     1.00721
     6.73161	    -0.16095	    -0.46394	     1.57440
     1.47921	     1.85370	     0.29461	    -0.24645
     2.72714	     0.48141	    -1.90800	     1.02985
     5.47489	     0.28506	    -0.90106	     1.39763
     5.96321	     0.73776	    -0.82739	     1.52290
     5.74081	     0.67884	     1.10314	     1.55806
     1.15937	     0.05136	     1.37031	     0.02116
    -0.03700	     1.52557	    -0.85279	    -1.00357
     0.72923	     0.16347	     0.68248	    -0.90781
     0.61886	    -0.80850	     1.82955	     0.16584
    -1.45886	    -1.23014	     1.36456	    -1.97931
     0.54681	    -0.23765	    -1.98501	     0.19623
     3.35589	    -1.32591	    -1.17107	     0.96677
     1.12158	     0.15502	    -0.00531	    -1.29826
     1.39016	    -1.13643	    -0.77923	    -0.17794
     1.02717	    -0.71916	    -0.28355	    -0.99746
     5.45221	     0.97004	    -0.52179	     1.29920
     1.32386	    -0.56144	     1.47650	     0.21654
     0.61353	     0.89219	     1.26572	    -0.29929
     3.03385	     1.66626	     0.21772	     0.44610
     4.46036	    -0.79405	    -0.59160	     1.00422
     5.16931	    -0.26201	    -0.63529	     1.21072
     0.57319	    -0.38317	    -0.40104	    -1.37589
    -0.34413	    -0.89539	    -1.80805	    -0.39150
     0.12391	    -1.63114	     0.45025	    -1.28683
     0.37807	    -1.40236	     0.31954	    -1.32238
     0.18512	    -0.53390	    -1.32687	    -0.59662
    -0.77550	     1.39073	    -1.69039	    -0.67640
     1.17495	    -0.96468	    -1.47739	     0.20095
    -0.28477	     0.79535	     0.74665	    -1.77130
     4.36923	    -0.58764	     0.92509	     1.09880
     0.79877	    -0.79412	    -0.12354	    -1.38277
    -1.39931	     1.81986	     1.12485	    -1.90181
     1.88774	    -1.84681	     0.10120	    -0.13669
    -1.25398	    -1.92949	     1.52031	    -1.00828
     4.24689	    -0.77262	     0.63162	     0.94768
     0.70621	    -1.17264	    -0.15119	    -1.29895
     0.83143	     0.83659	    -0.36686	    -1.05450
     5.60540	    -1.16789	    -0.72701	     1.43543
     1.54432	    -0.36725	    -1.48167	     0.30944
     5.37403	    -1.57810	     1.47284	     1.69122
     4.71543	     1.20415	    -0.11348	     0.95036
     2.47822	    -0.15297	    -0.19546	    -0.10265
     2.44886	    -0.43913	    -0.76017	     0.26275
    -0.58136	    -1.37560	    -1.79975	    -0.42147
     6.25096	     0.27082	    -0.73487	     1.54240
     6.65892	    -1.33469	     0.00281	     1.50521
     6.63325	     1.09274	    -1.58701	     1.95143
     2.16890	     1.45180	    -1.39506	     0.67871
     2.83114	    -0.15322	     0.97712	     0.54841
     0.18910	    -1.64837	    -0.15540	    -1.59044
     0.45269	    -0.68581	     0.13196	    -1.82854
     0.86879	     1.51003	     1.84645	     0.43889
     1.08722	     0.41465	     0.67093	    -0.61255
     5.15735	    -1.11498	     0.64393	     1.27526
     0.37069	     1.02313	    -1.24542	    -0.44709
    -0.41309	    -0.84655	    -1.28291	    -1.07688
     3.27475	     1.80747	     0.07524	     0.52026
     3.21064	    -1.34388	     1.78863	     1.21434
     1.91600	     1.64394	    -0.27607	    -0.08245
     1.23457	     1.52317	     0.08358	    -0.72930
     2.59927	     0.74995	     0.95524	     0.48078
     5.59612	    -0.12531	     1.02771	     1.47275
     4.40604	    -1.08877	     0.23747	     0.87482
    -0.91418	    -0.22319	    -1.71427	    -1.06049
     3.73820	     0.32554	    -1.30217	     1.05219
     5.32609	     0.69974	     0.37194	     1.18352
     3.74801	    -1.11428	    -0.42355	     0.71860
     0.92427	    -0.17788	     0.05470	    -1.45286
     2.92886	    -0.56829	    -0.16175	     0.14992
    -0.53082	     1.90476	     0.67034	    -1.50112
     4.91530	    -1.13530	     1.90785	     1.68713
    -1.42536	     0.86704	    -1.48685	    -1.87792
     4.06886	    -0.71393	     0.84059	     0.97428
     5.36824	     0.89073	     0.92480	     1.41374
     0.23514	     0.74937	    -0.62843	    -1.35110
     0.96597	     1.09864	     0.82012	    -0.42242
    -0.80780	     1.04579	    -1.55530	    -1.00492
     1.26463	    -1.14083	    -0.59438	    -0.40697
     5.47424	     1.43189	     0.26526	     1.27664
     0.16365	    -1.19650	     1.02276	    -0.77926
    -0.02876	     1.60271	    -1.10795	    -0.66925
     0.33279	    -0.04210	    -1.36975	    -0.48443
     1.03745	    -0.23568	     0.13924	    -1.22776
     0.17834	    -1.75803	     0.67771	    -0.89087
    -1.59513	    -0.38318	    -1.65707	    -1.91548
    -1.47223	    -1.78804	     1.26781	    -1.75327
     4.04303	     0.67215	    -1.38582	     1.20483
     0.17122	    -1.41114	     0.80444	    -0.93232
     0.34663	     0.85048	    -0.20238	    -1.79981
     1.68562	     1.05216	     1.03194	     0.15257
     0.93913	     1.97488	     1.73386	     0.52473
     0.62072	     1.25296	     1.73318	     0.17819
     0.78122	     0.86592	     0.83393	    -0.60019
     6.29833	    -0.74618	     1.62439	     1.86782
    -0.32618	    -1.52391	    -1.33441	    -0.68436
     1.67837	    -0.11188	     0.40983	    -0.44606
     0.57814	     0.14857	    -0.52634	    -1.23401
    -0.49553	    -1.90189	     1.79193	    -0.16967
     1.48151	    -1.11442	    -1.43914	     0.34760
     5.14586	    -1.59193	    -0.27956	     1.21206
     0.13371	    -0.28141	    -1.50955	    -0.46883
    -0.14221	     1.56864	     1.55895	    -0.30558
    -0.69232	     0.13597	    -1.61147	    -1.00672
     2.95120	    -0.68226	     1.39766	     0.85595
    -1.38899	    -1.70678	     1.47154	    -1.36347
     0.02724	    -1.60441	     1.69849	    -0.06445
     5.13919	     0.65646	     1.55327	     1.57001
     0.24206	     1.67346	    -0.92815	    -0.61956
     2.69949	     1.06245	    -1.05401	     0.62277
    -0.57522	    -0.23990	     1.50392	    -1.04095
     7.41319	    -0.83404	     0.11164	     1.67008
     3.54316	     0.98461	     1.02904	     0.91209
     0.61926	    -0.85957	    -0.10830	    -1.58441
     1.74523	    -0.52875	     0.92394	     0.02509
    -0.37138	    -1.45161	    -1.60174	    -0.45811
     1.66588	     0.36906	     1.23860	     0.19706
    -0.14761	    -0.24487	     0.93394	    -1.43195
     3.68243	     0.42822	    -1.87658	     1.30268
    -0.11579	    -0.62755	     0.87476	    -1.41572
     3.23865	    -0.72482	    -1.78720	     1.14928
     5.17228	     0.23887	    -1.45228	     1.52260
    -0.02602	     0.18011	    -1.46757	    -0.63497
     0.48959	     0.61839	     0.01372	    -1.98327
     4.01791	    -0.91739	    -1.73902	     1.37117
     1.97669	    -0.11797	    -1.42341	     0.45503
     1.10560	     1.39591	     0.44610	    -0.56120
     6.27397	    -1.82560	     1.03046	     1.78781
    -0.59658	     1.89452	     0.70076	    -1.54046
    -0.47691	     0.71262	    -1.61964	    -0.73699
    -0.47603	    -1.94288	    -0.76222	    -1.28023
     2.93703	     0.66493	     1.27480	     0.78439
     0.86547	    -0.16625	    -0.41129	    -1.09083
    -1.15642	     1.26412	     1.92420	    -0.73837
    -1.23710	     1.18555	     1.24790	    -1.93256
    -0.36573	    -0.82637	    -0.90437	    -1.59585
    -0.28584	     1.15534	     1.53311	    -0.57348
     4.29298	     0.39403	     1.12166	     1.14852
     0.00678	     0.91873	    -0.58874	    -1.60897
     0.95142	     0.42324	    -0.00950	    -1.44609
     1.81247	     0.48804	     0.15123	    -0.53389
     5.63460	     1.21582	     1.74410	     1.80096
     0.83244	    -1.25447	    -0.31510	    -0.96069
     1.37103	     1.97512	     0.85301	     0.13615
     3.38061	     1.51710	     0.73365	     0.80208
    -1.21344	    -1.79348	     1.20899	    -1.53251
     3.45965	     0.71443	     0.33945	     0.50696
    -1.17466	     1.01065	    -1.86977	    -0.91363
    -1.22095	     1.42108	     1.67805	    -1.05268
     6.87238	    -0.44726	    -1.44032	     1.91665
     0.14013	    -0.57314	    -0.82389	    -1.23023
     0.97363	     1.25734	    -1.29719	     0.02377
     2.97643	    -0.62497	     0.25514	     0.23287
     2.33297	     1.79735	     1.94906	     1.10516
     0.78601	     1.62835	     0.73201	    -0.43880
     2.42346	    -0.37815	     1.30033	     0.57762
     0.96950	     0.43253	    -0.73097	    -0.64009
     1.04685	    -1.15047	    -0.06045	    -1.07182
     7.96733	    -0.79033	     0.53629	     1.90297
     2.04965	    -0.90742	     1.26419	     0.45198
     5.67510	    -0.90077	     0.17463	     1.23688
     2.13208	     0.42052	    -0.06792	    -0.38595
     4.88494	    -1.56922	     0.47951	     1.20192
     2.86167	    -0.52573	     0.47071	     0.29117
     1.19100	    -0.08982	     1.21469	    -0.08564
     3.66195	    -0.05230	    -1.96351	     1.32615
    -0.58744	    -0.82019	    -1.64122	    -0.77412
     1.74553	    -1.48279	     1.22689	     0.40852
     3.27962	     1.32370	     0.13873	     0.42999
     1.53938	     1.06949	     1.69574	     0.53419
     5.53424	     1.07978	    -0.33875	     1.27088
     0.65557	     1.00334	    -0.04867	    -1.55905
    -2.35729	    -1.75597	    -1.93343	    -1.62390
     1.56920	     0.71341	    -0.62338	    -0.28238
     7.04056	    -1.74458	     0.64829	     1.83234
     6.74589	    -1.64796	     1.45276	     1.99173
     2.58537	    -0.51455	    -1.94106	     1.00253
     0.64104	    -0.13994	     0.63931	    -1.03650
     4.11258	     1.57269	     0.80304	     1.09254
     5.35061	    -1.69218	    -0.38119	     1.32414
    -0.49569	     1.49032	     0.95749	    -1.33296
     3.23020	    -1.95473	    -1.10162	     1.02143
     1.78677	     0.16345	    -0.29630	    -0.46285
     2.10147	     1.27262	    -0.67265	     0.16833
     1.09100	     0.61349	    -1.94303	     0.44589
     1.13189	     0.66314	    -1.81231	     0.37805
    -0.84280	    -0.95225	    -1.61493	    -0.98695
     1.52982	     0.84512	    -0.60699	    -0.29600
     2.89216	    -0.71437	     1.17186	     0.71715
     0.13925	     1.13221	    -1.75834	    -0.08651
    -0.53781	    -1.33371	    -1.74908	    -0.45988
     0.61154	    -0.87045	     1.36142	    -0.21869
     3.10609	    -1.63204	    -0.33994	     0.52903
     0.66888	     0.98760	     1.20549	    -0.29758
     0.10104	    -0.86441	    -0.40034	    -1.81062
    -1.79615	     0.37659	     1.96352	    -1.55734
     2.60743	     1.01091	    -1.03394	     0.56601
     1.78089	    -0.03877	     0.28678	    -0.47790
     4.69931	     1.03825	    -1.17433	     1.34012
     2.45664	    -0.48123	     0.04257	    -0.19234
     1.30707	    -1.67084	     0.24626	    -0.47496
     6.88136	     1.11303	    -0.33894	     1.62997
     0.61889	    -0.43913	     0.35910	    -1.37166
     4.04876	    -0.83713	     1.76631	     1.38393
     2.28557	     0.20558	     1.63867	     0.71440
     6.22199	     1.07525	    -0.05635	     1.37326
     1.63293	     1.79219	     0.40628	    -0.10083
     3.23810	     1.60191	     0.93676	     0.86621
    -0.52340	    -0.46338	    -1.26023	    -1.31224
     0.02983	     0.47263	     0.54059	    -1.80683
     5.48876	     1.99380	     0.55349	     1.47566
     1.75282	    -0.59085	     0.21022	    -0.51385
    -0.39908	    -0.76845	    -1.14917	    -1.27416
     2.77456	    -1.41911	    -0.80924	     0.58601
     2.83170	    -1.34394	    -1.70347	     1.05649
     2.53400	     1.17660	     0.03987	    -0.02452
     0.75175	     0.27816	     0.55626	    -1.02172
    -0.82486	     1.28593	    -1.98786	    -0.41606
     4.68421	    -1.84831	    -1.44150	     1.55505
    -1.03938	     1.96055	    -0.84644	    -1.79507
    -0.96886	    -1.81269	    -0.80345	    -1.92186
    -1.39205	     0.40634	    -1.63573	    -1.68229
     4.71246	    -1.20055	    -0.74155	     1.19253
     3.15211	     0.99674	    -0.62072	     0.56143
     2.73254	     0.12895	    -0.20185	     0.04154
     0.48977	    -0.55832	    -0.16027	    -1.77609
     1.31279	    -1.84945	     0.99322	     0.15726
     1.79856	    -1.75263	     0.63069	     0.12606
     6.09105	     0.07198	     0.02299	     1.26500
     1.05680	     1.80910	    -0.30295	    -0.54066
     1.40091	    -0.68983	    -0.10485	    -0.85691
     6.29056	    -1.65715	     0.86543	     1.71532
     4.47913	    -1.75943	    -1.30006	     1.43288
    -2.38085	    -1.36937	    -1.95260	    -1.91523
     0.08417	     1.10663	    -0.27204	    -1.92087
     0.22425	    -0.51957	     0.82852	    -1.15179
     3.76355	     0.19937	    -1.49917	     1.14753
     0.44581	    -1.86615	    -0.89220	    -0.41914
     2.59982	     1.92079	     0.28358	     0.36336
    -1.62137	     1.84240	    -1.60661	    -1.29850
     0.26234	    -0.11990	     0.32353	    -1.90542
     5.89701	    -0.27168	    -0.16678	     1.25856
     4.84643	    -0.01201	     0.14206	     0.91269
     0.71088	    -0.90362	    -1.68687	     0.11586
     0.93353	    -0.13792	    -0.05548	    -1.44414
     3.17941	     0.82023	    -1.75996	     1.12650
     4.60443	     1.98525	     0.85742	     1.34194
     0.48321	     1.54006	     0.19438	    -1.28477
    -1.44111	    -0.78086	    -1.49649	    -1.91752
     0.50269	     1.42794	    -1.26656	    -0.22199
     3.28412	     0.71605	     0.63170	     0.58418
     0.08256	     0.45302	     0.50632	    -1.79799
    -0.07499	     0.24549	    -0.61737	    -1.85935
     0.30738	     0.66068	     0.75122	    -1.13994
    -1.15428	    -0.29465	    -1.46017	    -1.73501
     0.81779	     0.21807	     1.43739	    -0.10951
    -0.80674	    -1.62709	     1.04252	    -1.45750
     1.71302	     0.12312	    -1.96351	     0.68683
     4.91908	    -0.48283	    -0.63226	     1.14314
     1.06619	     1.77460	     0.41215	    -0.45893
     0.42984	     0.59191	     0.37816	    -1.52530
    -0.57125	    -1.69180	     0.85177	    -1.43977
    -0.25643	     1.60739	    -1.87371	    -0.06980
     5.35217	     1.96652	    -0.91928	     1.55779
    -0.03364	    -1.31072	    -1.84349	    -0.06282
     1.36862	     1.04073	    -1.55295	     0.36002
     3.93765	    -1.47580	     0.30348	     0.80147
     6.44352	    -1.65286	    -0.40648	     1.61161
     2.53305	     0.61455	    -0.90116	     0.40448
     4.32833	    -1.96576	     0.09415	     0.96591
     3.63419	     0.26867	    -1.08260	     0.91091
     6.07053	    -1.99631	     0.97352	     1.75199
     0.76449	     0.28785	     0.17005	    -1.47769
     0.22116	     0.62371	    -1.99987	     0.07421
    -1.35704	    -0.37196	    -1.56748	    -1.77754
    -1.01102	     1.96374	     1.39875	    -0.93077
     5.29562	    -0.83833	     1.63746	     1.65171
     0.83505	     0.73644	     0.41194	    -1.02848
     0.68370	     0.29409	     0.60171	    -1.02983
     6.93369	     1.74632	     1.20739	     1.97011
     4.31078	     1.84903	     0.46171	     1.07344
     1.00123	     0.16387	     0.22513	    -1.17207
     1.11087	     0.57922	     0.29657	    -0.94009
     3.12385	     1.61989	    -1.56191	     1.12932
     5.57221	     1.13058	    -1.41785	     1.66492
     1.19188	     0.19650	     1.40887	     0.07230
     3.64061	    -1.45731	     0.38852	     0.72478
    -0.87620	     1.12997	     1.71790	    -0.82087
     8.05310	     0.65307	    -0.34071	     1.86245
    -0.24146	    -1.31527	    -1.44010	    -0.58803
     0.55109	     1.33945	    -0.25678	    -1.25287
     0.62640	     1.45878	    -1.68966	     0.19991
     3.38506	     0.63174	     0.83674	     0.72100
    -2.33423	    -1.41207	     1.89791	    -1.94036
    -0.00072	    -1.39577	     1.39069	    -0.44065
     5.33246	     0.17932	     0.13620	     1.07383
     7.35999	     0.86913	    -0.91480	     1.88415
     0.94638	     1.07429	     1.01479	    -0.27034
     5.88639	     0.68319	     0.93379	     1.53607
     1.99301	    -0.03337	    -0.42062	    -0.23553
     5.30537	     0.40278	     0.69102	     1.27676
     6.48703	     1.23394	     1.69031	     1.96639
     7.85977	    -0.47424	     0.25745	     1.79039
     3.37800	     1.82844	    -0.10945	     0.58457
    -0.51411	    -1.90565	    -0.54828	    -1.66724
     4.95653	     1.46787	    -0.91328	     1.36717
     1.63436	    -0.95082	     0.60115	    -0.21368
     3.83773	    -1.58202	    -1.99925	     1.51471
    -0.38176	    -0.52738	    -1.85891	    -0.42946
    -0.02222	    -1.38483	    -0.36531	    -1.73783
     2.59611	    -1.21186	    -1.94276	     1.08034
     5.65237	    -0.00883	    -1.44211	     1.63513
     2.56025	     0.14293	     0.80634	     0.32859
     0.15522	     1.88093	     0.92325	    -0.58612
     4.92969	    -0.35793	     1.55749	     1.50420
     0.80316	    -1.42899	    -1.00181	    -0.26657
     1.28681	     1.07549	     0.45968	    -0.52629
     0.65389	    -0.37243	    -0.09393	    -1.70135
     3.04546	     1.53265	    -1.58952	     1.10169
     1.01739	     0.88138	    -1.53459	     0.15050
     1.01850	     0.08515	    -0.27293	    -1.10552
     5.53835	    -1.90815	     0.73664	     1.53264
    -1.23404	    -0.21610	     1.45218	    -1.86817
     0.42573	     1.61288	     0.39021	    -1.07272
     2.80852	     0.81500	    -0.98359	     0.59227
    -0.44257	     0.09019	    -1.45505	    -0.99507
    -0.15525	     0.03751	     0.87242	    -1.54905
     2.50770	     1.58330	    -0.45789	     0.31472
     0.94931	     1.53647	    -0.23224	    -0.81754
     2.78071	     0.77477	     0.46791	     0.28009
     3.14334	     0.51574	     0.77955	     0.58618
    -0.64043	     0.35499	     1.36667	    -1.29039
     3.27954	    -0.92178	    -0.65185	     0.61838
     2.01457	    -1.49705	    -1.75362	     0.83280
     6.18054	    -0.55549	     1.56593	     1.81280
    -2.11366	     1.87184	    -1.57967	    -1.92136
     0.35152	     0.19657	    -0.84662	    -1.04974
     0.76926	    -0.11760	    -0.29910	    -1.32300
    -0.82205	    -1.55081	    -1.86329	    -0.45187
     6.48764	     0.67832	     1.71534	     1.93327
     1.66204	     1.69971	     0.47934	    -0.06803
     0.51287	    -0.94545	    -0.60099	    -1.04793
     0.00633	     1.73547	     1.06433	    -0.62589
     0.03326	     1.28291	     1.78739	    -0.08218
     5.38301	     1.63843	    -0.27462	     1.28787
     2.88041	     0.27882	     1.82633	     1.02854
    -0.31130	    -0.13202	     0.73137	    -1.99846
    -0.22965	     0.22876	    -0.70157	    -1.92657
     3.07925	     0.87563	    -0.50775	     0.45228
     0.96187	     1.88017	    -0.62585	    -0.30414
     0.38795	    -0.04108	    -0.47584	    -1.51200
     1.70341	     1.43370	     1.98707	     0.84025
     5.84526	    -0.65263	     1.13697	     1.59415
     4.64650	     0.62231	     0.45587	     0.99464
     0.19849	     1.07952	    -1.86035	     0.02233
     6.10589	     0.36240	     1.77919	     1.86039
    -0.57980	     0.32774	     1.34734	    -1.26061
     0.61790	     0.56935	     0.06485	    -1.74403
     5.86935	    -1.29346	    -0.93193	     1.58792
     5.66540	     1.59301	    -1.12879	     1.64421
     4.16664	     1.01015	     0.29842	     0.80332
